
config <- list(
  n_resimulations = 1000L,
  sample_sizes = c(500, 1000, 2000, 4000),
  difference_in_risk = c(0.5, 1.0, 5.0)
  # effect_of_A_on_Y = c(-5, -22,
  )

